

[[216, 315]]
[[216, 316]]
[[215, 317]]
[[214, 317]]
[[213, 316]]
[[212, 316]]
[[211, 316]]
[[210, 316]]
[[209, 315]]
[[208, 315]]
[[207, 315]]
[[206, 314]]
[[205, 314]]
[[204, 313]]
[[203, 313]]
[[202, 313]]
[[201, 313]]
[[200, 312]]
[[199, 312]]
[[198, 311]]
[[197, 311]]
[[196, 310]]
[[195, 310]]
[[194, 309]]
[[193, 309]]
[[192, 308]]
[[191, 308]]
[[190, 308]]
[[189, 307]]
[[188, 306]]
[[187, 306]]
[[186, 305]]
[[185, 305]]
[[184, 304]]
[[185, 303]]



[[85, 247]]
[[84, 248]]
[[84, 249]]
[[84, 250]]
[[84, 251]]
[[84, 252]]
[[84, 253]]
[[84, 254]]
[[84, 255]]
[[84, 256]]
[[84, 257]]
[[84, 258]]
[[84, 259]]
[[84, 260]]
[[84, 261]]
[[84, 262]]
[[84, 263]]
[[84, 264]]
[[84, 265]]
[[84, 266]]
[[84, 267]]
[[84, 268]]
[[85, 269]]
[[85, 270]]
[[85, 271]]
[[85, 272]]
[[85, 273]]
[[85, 274]]
[[85, 275]]
[[85, 276]]
[[86, 277]]
[[86, 278]]
[[86, 279]]
[[86, 280]]
[[86, 281]]
[[87, 282]]
[[87, 283]]
[[87, 284]]
[[87, 285]]
[[87, 286]]
[[88, 287]]
[[88, 288]]
[[88, 289]]
[[88, 290]]
[[89, 291]]
[[89, 292]]
[[89, 293]]
[[89, 294]]
[[90, 295]]
[[90, 296]]
[[90, 297]]
[[90, 298]]
[[91, 299]]
[[91, 300]]
[[91, 301]]
[[92, 302]]
[[92, 303]]
[[92, 304]]
[[93, 305]]
[[93, 306]]
[[93, 307]]
[[94, 308]]
[[94, 309]]
[[95, 310]]
[[95, 311]]
[[95, 312]]
[[96, 313]]
[[96, 314]]
[[97, 315]]
[[97, 316]]
[[97, 317]]
[[98, 318]]
[[98, 319]]
[[99, 320]]
[[99, 321]]
[[100, 322]]
[[100, 323]]
[[101, 324]]
[[101, 325]]
[[102, 326]]
[[102, 327]]
[[103, 328]]
[[103, 329]]
[[104, 330]]
[[105, 331]]
[[105, 332]]
[[105, 333]]
[[106, 334]]
[[107, 335]]
[[107, 336]]
[[108, 337]]
[[109, 338]]
[[109, 339]]
[[110, 340]]
[[110, 341]]
[[111, 342]]
[[112, 343]]
[[113, 344]]
[[113, 345]]
[[114, 346]]
[[115, 347]]
[[115, 348]]
[[116, 349]]
[[117, 350]]
[[118, 351]]
[[118, 352]]
[[119, 353]]
[[120, 354]]
[[121, 355]]
[[122, 356]]
[[123, 357]]
[[123, 358]]
[[124, 359]]
[[125, 360]]
[[126, 361]]



[[230, 434]]
[[229, 435]]
[[228, 435]]
[[227, 436]]
[[226, 436]]
[[225, 436]]
[[224, 437]]
[[223, 437]]
[[222, 437]]
[[221, 437]]
[[220, 438]]
[[219, 438]]
[[218, 438]]
[[217, 438]]
[[216, 439]]
[[215, 439]]
[[214, 439]]
[[213, 439]]
[[212, 439]]
[[211, 439]]
[[210, 440]]
[[209, 440]]
[[208, 440]]
[[207, 440]]
[[206, 440]]
[[205, 440]]
[[204, 440]]
[[203, 440]]
[[202, 440]]
[[201, 440]]
[[200, 440]]
[[199, 441]]
[[198, 441]]
[[197, 441]]
[[196, 441]]
[[195, 441]]
[[194, 441]]
[[193, 441]]
[[192, 441]]
[[191, 441]]
[[190, 441]]
[[189, 441]]
[[188, 441]]
[[187, 441]]
[[186, 441]]
[[185, 441]]
[[184, 441]]
[[183, 441]]
[[182, 441]]
[[181, 441]]
[[180, 441]]
[[179, 441]]
[[178, 441]]
[[177, 441]]
[[176, 441]]
[[175, 441]]
[[174, 441]]
[[173, 441]]
[[172, 441]]
[[171, 440]]
[[170, 440]]
[[169, 440]]
[[168, 440]]
[[167, 440]]
[[166, 440]]
[[165, 440]]
[[164, 440]]
[[163, 440]]
[[162, 440]]
[[161, 439]]
[[160, 439]]
[[159, 439]]
[[158, 439]]
[[157, 439]]
[[156, 439]]
[[155, 439]]
[[154, 438]]
[[153, 438]]
[[152, 438]]
[[151, 438]]
[[150, 437]]
[[149, 437]]
[[148, 437]]
[[147, 437]]
[[146, 436]]
[[145, 436]]
[[144, 435]]
[[143, 435]]
[[142, 434]]
[[141, 434]]
[[140, 434]]
[[139, 433]]
[[138, 432]]
[[137, 432]]
[[136, 431]]
[[135, 430]]
[[134, 430]]
[[133, 429]]
[[132, 428]]
[[131, 427]]
[[130, 426]]
[[129, 425]]
[[129, 424]]
[[128, 423]]
[[127, 422]]
[[126, 421]]
[[126, 420]]
[[126, 419]]
[[125, 418]]
[[124, 417]]
[[124, 416]]
[[124, 415]]
[[123, 414]]
[[123, 413]]
[[123, 412]]
[[123, 411]]
[[122, 410]]
[[122, 409]]
[[122, 408]]
[[122, 407]]
[[122, 406]]
[[122, 405]]
[[122, 404]]
[[121, 403]]
[[121, 402]]
[[121, 401]]
[[121, 400]]
[[121, 399]]
[[121, 398]]
[[121, 397]]
[[121, 396]]
[[121, 395]]
[[122, 394]]
[[122, 393]]
[[122, 392]]
[[122, 391]]
[[122, 390]]
[[122, 389]]
[[122, 388]]
[[122, 387]]
[[122, 386]]
[[122, 385]]
[[122, 384]]
[[122, 383]]
[[122, 382]]
[[123, 381]]
[[123, 380]]
[[123, 379]]
[[123, 378]]
[[123, 377]]
[[123, 376]]
[[123, 375]]
[[124, 374]]
[[124, 373]]
[[124, 372]]
[[124, 371]]
[[125, 370]]
[[125, 369]]
[[125, 368]]
[[125, 367]]
[[126, 366]]
[[126, 365]]
[[126, 364]]
[[127, 363]]
[[127, 362]]
[[128, 361]]
[[128, 360]]
[[128, 359]]
[[129, 358]]
[[129, 357]]
[[130, 356]]
[[130, 355]]
[[130, 354]]
[[131, 353]]
[[132, 352]]
[[133, 351]]
[[133, 350]]
[[134, 349]]
[[135, 348]]
[[136, 347]]
[[136, 346]]
[[137, 345]]
[[138, 344]]
[[139, 343]]
[[140, 342]]
[[141, 342]]
[[142, 341]]
[[143, 340]]
[[144, 339]]
[[145, 339]]
[[146, 338]]
[[147, 337]]
[[148, 337]]
[[149, 336]]
[[150, 336]]
[[151, 335]]
[[152, 335]]
[[153, 335]]
[[154, 334]]
[[155, 334]]
[[156, 334]]
[[157, 334]]
[[158, 333]]
[[159, 333]]
[[160, 333]]
[[161, 333]]
[[162, 333]]
[[163, 333]]
[[164, 333]]
[[165, 333]]
[[166, 333]]
[[167, 333]]
[[168, 333]]
[[169, 333]]
[[170, 333]]
[[171, 333]]
[[172, 333]]
[[173, 333]]
[[174, 333]]
[[175, 333]]
[[176, 333]]
[[177, 333]]
[[178, 333]]
[[179, 334]]
[[180, 334]]
[[181, 334]]
[[182, 334]]
[[183, 335]]
[[184, 335]]
[[185, 335]]
[[186, 335]]
[[187, 335]]
[[188, 336]]
[[189, 336]]
[[190, 336]]
[[191, 337]]
[[192, 337]]
[[193, 337]]
[[194, 338]]
[[195, 338]]
[[196, 338]]
[[197, 338]]
[[198, 339]]
[[199, 339]]
[[200, 340]]
[[201, 340]]
[[202, 340]]
[[203, 341]]
[[204, 341]]
[[205, 342]]
[[206, 342]]
[[207, 343]]
[[208, 343]]
[[209, 343]]
[[210, 344]]
[[211, 344]]



[[134, 420]]
[[134, 419]]
[[135, 418]]
[[135, 417]]
[[135, 416]]
[[136, 415]]
[[136, 414]]
[[137, 413]]
[[138, 412]]
[[138, 411]]
[[139, 410]]
[[140, 409]]
[[141, 408]]
[[142, 408]]
[[143, 407]]
[[144, 406]]
[[145, 406]]
[[146, 405]]
[[147, 405]]
[[148, 404]]
[[149, 404]]
[[150, 404]]
[[151, 404]]
[[152, 403]]
[[153, 403]]
[[154, 403]]
[[155, 403]]
[[156, 403]]
[[157, 404]]
[[158, 404]]
[[159, 404]]
[[160, 404]]
[[161, 404]]
[[162, 405]]
[[163, 405]]
[[164, 406]]
[[165, 406]]
[[166, 407]]
[[167, 407]]
[[168, 408]]
[[169, 409]]
[[170, 410]]
[[171, 411]]



[[164, 430]]
[[163, 429]]
[[163, 428]]
[[163, 427]]
[[163, 426]]
[[163, 425]]
[[164, 424]]
[[164, 423]]
[[164, 422]]
[[164, 421]]
[[165, 420]]
[[165, 419]]
[[165, 418]]
[[166, 417]]
[[167, 416]]
[[168, 415]]
[[169, 414]]
[[169, 413]]
[[170, 412]]
[[171, 411]]
[[172, 410]]
[[173, 410]]
[[174, 409]]
[[175, 409]]
[[176, 408]]
[[177, 408]]
[[178, 407]]
[[179, 407]]
[[180, 407]]
[[181, 407]]
[[182, 407]]
[[183, 407]]
[[184, 406]]
[[185, 406]]
[[186, 407]]
[[187, 407]]
[[188, 407]]
[[189, 407]]
[[190, 407]]
[[191, 408]]
[[192, 408]]
[[193, 408]]
[[194, 409]]
[[195, 410]]
[[196, 410]]
[[197, 411]]
[[198, 412]]
[[199, 412]]
[[200, 411]]
[[200, 410]]
[[201, 409]]
[[202, 408]]
[[203, 409]]
[[203, 410]]
[[204, 411]]
[[205, 412]]
[[205, 413]]
[[206, 414]]
[[205, 415]]
[[204, 416]]
[[204, 417]]
[[203, 418]]
[[204, 419]]
[[204, 420]]
[[204, 421]]
[[205, 422]]
[[205, 423]]
[[205, 424]]
[[205, 425]]
[[205, 426]]
[[205, 427]]
[[205, 428]]
[[205, 429]]



[[266, 425]]
[[267, 426]]
[[268, 427]]
[[269, 428]]
[[270, 429]]
[[271, 430]]
[[272, 431]]
[[273, 431]]
[[274, 432]]
[[275, 433]]
[[276, 433]]
[[277, 434]]
[[278, 434]]
[[279, 435]]
[[280, 435]]
[[281, 436]]
[[282, 436]]
[[283, 436]]
[[284, 437]]
[[285, 437]]
[[286, 437]]
[[287, 438]]
[[288, 438]]
[[289, 438]]
[[290, 438]]
[[291, 438]]
[[292, 439]]
[[293, 439]]
[[294, 439]]
[[295, 439]]
[[296, 439]]
[[297, 439]]
[[298, 440]]
[[299, 440]]
[[300, 440]]
[[301, 440]]
[[302, 440]]
[[303, 440]]
[[304, 440]]
[[305, 440]]
[[306, 440]]
[[307, 440]]
[[308, 441]]
[[309, 441]]
[[310, 441]]
[[311, 441]]
[[312, 441]]
[[313, 441]]
[[314, 441]]
[[315, 441]]
[[316, 441]]
[[317, 441]]
[[318, 441]]
[[319, 441]]
[[320, 441]]
[[321, 441]]
[[322, 441]]
[[323, 441]]
[[324, 441]]
[[325, 441]]
[[326, 441]]
[[327, 441]]
[[328, 441]]
[[329, 441]]
[[330, 441]]
[[331, 441]]
[[332, 441]]
[[333, 441]]
[[334, 441]]
[[335, 441]]
[[336, 441]]
[[337, 440]]
[[338, 440]]
[[339, 440]]
[[340, 440]]
[[341, 440]]
[[342, 440]]
[[343, 440]]
[[344, 440]]
[[345, 440]]
[[346, 440]]
[[347, 439]]
[[348, 439]]
[[349, 439]]
[[350, 439]]
[[351, 439]]
[[352, 439]]
[[353, 438]]
[[354, 438]]
[[355, 438]]
[[356, 438]]
[[357, 438]]
[[358, 437]]
[[359, 437]]
[[360, 437]]
[[361, 437]]
[[362, 436]]
[[363, 436]]
[[364, 435]]
[[365, 435]]
[[366, 434]]
[[367, 434]]
[[368, 433]]
[[369, 433]]
[[370, 432]]
[[371, 432]]
[[372, 431]]
[[373, 430]]
[[374, 429]]
[[375, 429]]
[[376, 428]]
[[377, 427]]
[[377, 426]]
[[378, 425]]
[[379, 424]]
[[380, 423]]
[[381, 422]]
[[381, 421]]
[[382, 420]]
[[382, 419]]
[[383, 418]]
[[383, 417]]
[[384, 416]]
[[384, 415]]
[[384, 414]]
[[385, 413]]
[[385, 412]]
[[385, 411]]
[[385, 410]]
[[385, 409]]
[[386, 408]]
[[386, 407]]
[[386, 406]]
[[386, 405]]
[[386, 404]]
[[386, 403]]
[[386, 402]]
[[386, 401]]
[[386, 400]]
[[386, 399]]
[[386, 398]]
[[386, 397]]
[[386, 396]]
[[386, 395]]
[[386, 394]]
[[386, 393]]
[[386, 392]]
[[386, 391]]
[[386, 390]]
[[386, 389]]
[[386, 388]]
[[386, 387]]
[[386, 386]]
[[386, 385]]
[[385, 384]]
[[385, 383]]
[[385, 382]]
[[385, 381]]
[[385, 380]]
[[385, 379]]
[[385, 378]]
[[385, 377]]
[[384, 376]]
[[384, 375]]
[[384, 374]]
[[384, 373]]
[[384, 372]]
[[383, 371]]
[[383, 370]]
[[383, 369]]
[[383, 368]]
[[382, 367]]
[[382, 366]]
[[382, 365]]
[[381, 364]]
[[381, 363]]
[[381, 362]]
[[380, 361]]
[[380, 360]]
[[379, 359]]
[[379, 358]]
[[379, 357]]
[[378, 356]]
[[377, 355]]
[[377, 354]]
[[376, 353]]
[[376, 352]]
[[375, 351]]
[[375, 350]]
[[374, 349]]
[[373, 348]]
[[372, 347]]
[[372, 346]]
[[371, 345]]
[[370, 344]]
[[369, 343]]
[[368, 342]]
[[367, 342]]
[[367, 341]]
[[366, 340]]
[[365, 340]]
[[364, 339]]
[[363, 338]]
[[362, 338]]
[[361, 337]]
[[360, 337]]
[[359, 336]]
[[358, 336]]
[[357, 335]]
[[356, 335]]
[[355, 335]]
[[354, 335]]
[[353, 334]]
[[352, 334]]
[[351, 334]]
[[350, 334]]
[[349, 333]]
[[348, 333]]
[[347, 333]]
[[346, 333]]
[[345, 333]]
[[344, 333]]
[[343, 333]]
[[342, 333]]
[[341, 333]]
[[340, 333]]
[[339, 333]]
[[338, 333]]
[[337, 333]]
[[336, 333]]
[[335, 333]]
[[334, 333]]
[[333, 333]]
[[332, 333]]
[[331, 333]]
[[330, 333]]
[[329, 334]]
[[328, 334]]
[[327, 334]]
[[326, 334]]
[[325, 335]]
[[324, 335]]
[[323, 335]]
[[322, 335]]
[[321, 335]]
[[320, 336]]
[[319, 336]]
[[318, 336]]
[[317, 337]]
[[316, 337]]
[[315, 337]]
[[314, 338]]
[[313, 338]]
[[312, 338]]
[[311, 338]]
[[310, 339]]
[[309, 339]]
[[308, 340]]
[[307, 340]]
[[306, 340]]
[[305, 341]]
[[304, 341]]
[[303, 342]]
[[302, 342]]
[[301, 343]]
[[300, 343]]
[[299, 343]]
[[298, 344]]
[[297, 344]]
[[296, 345]]
[[295, 345]]
[[294, 346]]
[[293, 346]]
[[292, 347]]
[[291, 348]]
[[290, 348]]
[[289, 349]]
[[288, 349]]
[[287, 350]]
[[286, 351]]
[[285, 351]]



[[272, 419]]
[[272, 418]]
[[273, 417]]
[[274, 416]]
[[274, 415]]
[[275, 414]]
[[276, 413]]
[[277, 412]]
[[277, 411]]
[[278, 410]]
[[279, 409]]
[[280, 408]]
[[280, 407]]
[[281, 406]]
[[282, 406]]
[[283, 406]]
[[284, 405]]
[[285, 405]]
[[286, 404]]
[[287, 404]]
[[288, 404]]
[[289, 404]]
[[290, 403]]
[[291, 403]]
[[292, 403]]
[[293, 403]]
[[294, 403]]
[[295, 404]]
[[296, 404]]
[[297, 404]]
[[298, 404]]
[[299, 405]]
[[300, 405]]
[[301, 405]]
[[302, 406]]
[[303, 406]]
[[304, 407]]
[[305, 408]]
[[306, 408]]
[[307, 409]]
[[308, 410]]
[[309, 411]]
[[308, 412]]



[[301, 427]]
[[301, 426]]
[[301, 425]]
[[301, 424]]
[[301, 423]]
[[302, 422]]
[[302, 421]]
[[302, 420]]
[[303, 419]]
[[303, 418]]
[[304, 417]]
[[305, 416]]
[[306, 415]]
[[307, 414]]
[[307, 413]]
[[308, 412]]
[[309, 411]]
[[310, 410]]
[[311, 410]]
[[312, 409]]
[[313, 408]]
[[314, 408]]
[[315, 408]]
[[316, 407]]
[[317, 407]]
[[318, 407]]
[[319, 407]]
[[320, 407]]
[[321, 406]]
[[322, 406]]
[[323, 406]]
[[324, 407]]
[[325, 407]]
[[326, 407]]
[[327, 407]]
[[328, 407]]
[[329, 408]]
[[330, 408]]
[[331, 408]]
[[332, 409]]
[[333, 410]]
[[334, 410]]
[[335, 411]]
[[336, 411]]
[[337, 412]]
[[337, 411]]
[[338, 410]]
[[339, 409]]
[[340, 408]]
[[341, 407]]
[[342, 407]]
[[343, 406]]
[[344, 405]]
[[345, 405]]
[[346, 404]]
[[347, 404]]
[[348, 404]]
[[349, 403]]
[[350, 403]]
[[351, 403]]
[[352, 403]]
[[353, 402]]
[[354, 402]]
[[355, 403]]
[[356, 403]]
[[357, 403]]
[[358, 403]]
[[359, 403]]
[[360, 403]]
[[361, 404]]
[[362, 404]]
[[363, 405]]
[[364, 405]]
[[365, 405]]
[[366, 406]]
[[367, 407]]
[[368, 408]]
[[369, 409]]
[[370, 410]]
[[371, 411]]
[[372, 412]]
[[373, 413]]
[[373, 414]]
[[374, 415]]



[[380, 353]]
[[380, 352]]
[[381, 351]]
[[382, 350]]
[[383, 349]]
[[384, 348]]
[[384, 347]]
[[385, 346]]
[[386, 345]]
[[386, 344]]
[[387, 343]]
[[388, 342]]
[[388, 341]]
[[389, 340]]
[[390, 339]]
[[390, 338]]
[[391, 337]]
[[392, 336]]
[[392, 335]]
[[393, 334]]
[[393, 333]]
[[394, 332]]
[[394, 331]]
[[395, 330]]
[[395, 329]]
[[396, 328]]
[[397, 327]]
[[397, 326]]
[[398, 325]]
[[398, 324]]
[[399, 323]]
[[399, 322]]
[[400, 321]]
[[400, 320]]
[[400, 319]]
[[401, 318]]
[[401, 317]]
[[402, 316]]
[[402, 315]]
[[403, 314]]
[[403, 313]]
[[403, 312]]
[[404, 311]]
[[404, 310]]
[[405, 309]]
[[405, 308]]
[[405, 307]]
[[406, 306]]
[[406, 305]]
[[406, 304]]
[[407, 303]]
[[407, 302]]
[[407, 301]]
[[408, 300]]
[[408, 299]]
[[408, 298]]
[[409, 297]]
[[409, 296]]
[[409, 295]]
[[410, 294]]
[[410, 293]]
[[410, 292]]
[[410, 291]]
[[411, 290]]
[[411, 289]]
[[411, 288]]
[[411, 287]]
[[411, 286]]
[[412, 285]]
[[412, 284]]
[[412, 283]]
[[412, 282]]
[[413, 281]]
[[413, 280]]
[[413, 279]]
[[413, 278]]
[[413, 277]]
[[413, 276]]
[[413, 275]]
[[413, 274]]
[[414, 273]]
[[414, 272]]
[[414, 271]]
[[414, 270]]
[[414, 269]]
[[414, 268]]
[[414, 267]]
[[415, 266]]
[[415, 265]]
[[415, 264]]
[[415, 263]]
[[415, 262]]
[[415, 261]]
[[415, 260]]
[[415, 259]]
[[415, 258]]
[[415, 257]]
[[415, 256]]
[[415, 255]]
[[415, 254]]
[[415, 253]]
[[415, 252]]
[[415, 251]]
[[415, 250]]
[[414, 249]]
[[413, 250]]



