

[[212, 128]]
[[213, 128]]
[[214, 128]]
[[215, 128]]
[[216, 129]]
[[217, 129]]
[[218, 129]]
[[219, 129]]
[[220, 129]]
[[221, 130]]
[[222, 130]]
[[223, 130]]
[[224, 131]]
[[225, 131]]
[[226, 132]]
[[227, 132]]
[[228, 133]]
[[229, 133]]
[[230, 134]]
[[231, 134]]
[[232, 135]]
[[233, 136]]
[[234, 137]]
[[235, 138]]
[[236, 138]]
[[237, 139]]
[[238, 140]]
[[239, 141]]
[[239, 142]]
[[240, 143]]
[[241, 144]]
[[242, 145]]
[[242, 146]]
[[243, 147]]
[[243, 148]]
[[244, 149]]
[[245, 150]]
[[245, 151]]
[[245, 152]]
[[246, 153]]
[[246, 154]]
[[246, 155]]
[[247, 156]]
[[247, 157]]
[[247, 158]]
[[247, 159]]
[[247, 160]]
[[248, 161]]
[[248, 162]]
[[248, 163]]
[[248, 164]]
[[248, 165]]
[[248, 166]]
[[248, 167]]
[[248, 168]]
[[248, 169]]
[[248, 170]]
[[247, 171]]
[[247, 172]]
[[247, 173]]
[[247, 174]]
[[247, 175]]
[[246, 176]]
[[246, 177]]
[[246, 178]]
[[245, 179]]
[[245, 180]]
[[245, 181]]
[[244, 182]]
[[244, 183]]
[[243, 184]]
[[242, 185]]
[[242, 186]]
[[241, 187]]
[[240, 188]]
[[239, 189]]
[[239, 190]]
[[238, 191]]
[[237, 192]]
[[236, 193]]
[[235, 194]]
[[234, 194]]
[[233, 195]]
[[232, 196]]
[[231, 197]]
[[230, 197]]
[[229, 198]]
[[228, 199]]
[[227, 199]]
[[226, 200]]
[[225, 200]]
[[224, 200]]
[[223, 201]]
[[222, 201]]
[[221, 201]]
[[220, 202]]
[[219, 202]]
[[218, 202]]
[[217, 202]]
[[216, 202]]
[[215, 203]]
[[214, 203]]
[[213, 203]]
[[212, 203]]
[[211, 203]]
[[210, 203]]
[[209, 203]]
[[208, 203]]
[[207, 203]]
[[206, 203]]
[[205, 202]]
[[204, 202]]
[[203, 202]]
[[202, 202]]
[[201, 202]]
[[200, 201]]
[[199, 201]]
[[198, 201]]
[[197, 200]]
[[196, 200]]
[[195, 200]]
[[194, 199]]
[[193, 198]]
[[192, 198]]
[[191, 197]]
[[190, 197]]
[[189, 196]]
[[188, 195]]
[[187, 194]]
[[186, 194]]
[[185, 193]]
[[184, 192]]
[[183, 191]]
[[183, 190]]
[[182, 189]]
[[181, 188]]
[[180, 187]]
[[179, 186]]
[[179, 185]]
[[178, 184]]
[[178, 183]]
[[177, 182]]
[[177, 181]]
[[176, 180]]
[[176, 179]]
[[175, 178]]
[[175, 177]]
[[175, 176]]
[[174, 175]]
[[174, 174]]
[[174, 173]]
[[174, 172]]
[[174, 171]]
[[173, 170]]
[[173, 169]]
[[173, 168]]
[[173, 167]]
[[173, 166]]
[[173, 165]]
[[173, 164]]
[[173, 163]]
[[173, 162]]
[[173, 161]]
[[174, 160]]
[[174, 159]]
[[174, 158]]
[[174, 157]]
[[174, 156]]
[[175, 155]]
[[175, 154]]
[[175, 153]]
[[176, 152]]
[[176, 151]]
[[177, 150]]
[[177, 149]]
[[178, 148]]
[[178, 147]]
[[179, 146]]
[[179, 145]]
[[180, 144]]
[[181, 143]]
[[182, 142]]
[[183, 141]]
[[183, 140]]
[[184, 139]]
[[185, 138]]
[[186, 138]]
[[187, 137]]
[[188, 136]]
[[189, 135]]
[[190, 134]]
[[191, 134]]
[[192, 133]]
[[193, 133]]
[[194, 132]]
[[195, 132]]
[[196, 131]]
[[197, 131]]
[[198, 130]]
[[199, 130]]
[[200, 130]]
[[201, 129]]
[[202, 129]]
[[203, 129]]
[[204, 129]]
[[205, 129]]
[[206, 128]]
[[207, 128]]
[[208, 128]]



[[220, 158]]
[[221, 158]]
[[222, 159]]
[[223, 159]]
[[224, 159]]
[[225, 160]]
[[226, 161]]
[[227, 162]]
[[228, 163]]
[[229, 164]]
[[230, 165]]
[[230, 166]]
[[230, 167]]
[[231, 168]]
[[231, 169]]
[[231, 170]]
[[231, 171]]
[[231, 172]]
[[231, 173]]
[[231, 174]]
[[230, 175]]
[[230, 176]]
[[230, 177]]
[[229, 178]]
[[228, 179]]
[[228, 180]]
[[227, 181]]
[[226, 181]]
[[225, 182]]
[[224, 183]]
[[223, 183]]
[[222, 184]]
[[221, 184]]
[[220, 184]]
[[219, 184]]
[[218, 184]]
[[217, 184]]
[[216, 183]]
[[215, 183]]
[[214, 183]]
[[213, 182]]
[[212, 181]]
[[211, 180]]
[[210, 179]]
[[209, 178]]
[[209, 177]]
[[208, 176]]
[[208, 175]]
[[207, 174]]
[[207, 173]]
[[207, 172]]
[[207, 171]]
[[207, 170]]
[[207, 169]]
[[207, 168]]
[[208, 167]]
[[208, 166]]
[[209, 165]]
[[209, 164]]
[[210, 163]]
[[211, 162]]
[[212, 161]]
[[213, 160]]
[[214, 159]]
[[215, 159]]
[[216, 159]]
[[217, 158]]
[[218, 158]]
[[219, 159]]



[[283, 158]]
[[284, 159]]
[[285, 159]]
[[286, 159]]
[[287, 160]]
[[288, 161]]
[[289, 161]]
[[290, 162]]
[[290, 163]]
[[291, 164]]
[[292, 165]]
[[292, 166]]
[[292, 167]]
[[293, 168]]
[[293, 169]]
[[293, 170]]
[[293, 171]]
[[293, 172]]
[[293, 173]]
[[292, 174]]
[[292, 175]]
[[292, 176]]
[[291, 177]]
[[290, 178]]
[[290, 179]]
[[289, 180]]
[[288, 180]]
[[287, 181]]
[[286, 182]]
[[285, 182]]
[[284, 183]]
[[283, 183]]
[[282, 183]]
[[281, 183]]
[[280, 183]]
[[279, 183]]
[[278, 183]]
[[277, 182]]
[[276, 182]]
[[275, 181]]
[[274, 180]]
[[273, 180]]
[[272, 179]]
[[272, 178]]
[[271, 177]]
[[270, 176]]
[[270, 175]]
[[270, 174]]
[[269, 173]]
[[269, 172]]
[[269, 171]]
[[269, 170]]
[[269, 169]]
[[269, 168]]
[[270, 167]]
[[270, 166]]
[[271, 165]]
[[271, 164]]
[[272, 163]]
[[272, 162]]
[[273, 161]]
[[274, 161]]
[[275, 160]]
[[276, 159]]
[[277, 159]]
[[278, 159]]
[[279, 158]]



[[290, 128]]
[[291, 128]]
[[292, 128]]
[[293, 128]]
[[294, 129]]
[[295, 129]]
[[296, 129]]
[[297, 129]]
[[298, 129]]
[[299, 130]]
[[300, 130]]
[[301, 130]]
[[302, 131]]
[[303, 131]]
[[304, 131]]
[[305, 132]]
[[306, 133]]
[[307, 133]]
[[308, 134]]
[[309, 134]]
[[310, 135]]
[[311, 136]]
[[312, 137]]
[[313, 137]]
[[314, 138]]
[[315, 139]]
[[316, 140]]
[[317, 141]]
[[317, 142]]
[[318, 143]]
[[319, 144]]
[[320, 145]]
[[320, 146]]
[[321, 147]]
[[322, 148]]
[[322, 149]]
[[323, 150]]
[[323, 151]]
[[324, 152]]
[[324, 153]]
[[324, 154]]
[[325, 155]]
[[325, 156]]
[[325, 157]]
[[325, 158]]
[[325, 159]]
[[326, 160]]
[[326, 161]]
[[326, 162]]
[[326, 163]]
[[326, 164]]
[[326, 165]]
[[326, 166]]
[[326, 167]]
[[326, 168]]
[[326, 169]]
[[326, 170]]
[[325, 171]]
[[325, 172]]
[[325, 173]]
[[325, 174]]
[[325, 175]]
[[324, 176]]
[[324, 177]]
[[324, 178]]
[[323, 179]]
[[323, 180]]
[[322, 181]]
[[322, 182]]
[[321, 183]]
[[321, 184]]
[[320, 185]]
[[319, 186]]
[[318, 187]]
[[318, 188]]
[[317, 189]]
[[316, 190]]
[[315, 191]]
[[314, 192]]
[[313, 193]]
[[312, 194]]
[[311, 194]]
[[310, 195]]
[[309, 196]]
[[308, 197]]
[[307, 197]]
[[306, 198]]
[[305, 198]]
[[304, 199]]
[[303, 199]]
[[302, 200]]
[[301, 200]]
[[300, 200]]
[[299, 201]]
[[298, 201]]
[[297, 201]]
[[296, 202]]
[[295, 202]]
[[294, 202]]
[[293, 202]]
[[292, 202]]
[[291, 202]]
[[290, 202]]
[[289, 202]]
[[288, 202]]
[[287, 202]]
[[286, 202]]
[[285, 202]]
[[284, 202]]
[[283, 202]]
[[282, 202]]
[[281, 202]]
[[280, 201]]
[[279, 201]]
[[278, 201]]
[[277, 200]]
[[276, 200]]
[[275, 200]]
[[274, 199]]
[[273, 199]]
[[272, 198]]
[[271, 198]]
[[270, 197]]
[[269, 197]]
[[268, 196]]
[[267, 195]]
[[266, 194]]
[[265, 194]]
[[264, 193]]
[[263, 192]]
[[262, 191]]
[[261, 190]]
[[260, 189]]
[[260, 188]]
[[259, 187]]
[[258, 186]]
[[257, 185]]
[[257, 184]]
[[256, 183]]
[[255, 182]]
[[255, 181]]
[[254, 180]]
[[254, 179]]
[[254, 178]]
[[253, 177]]
[[253, 176]]
[[253, 175]]
[[252, 174]]
[[252, 173]]
[[252, 172]]
[[252, 171]]
[[252, 170]]
[[251, 169]]
[[251, 168]]
[[251, 167]]
[[251, 166]]
[[251, 165]]
[[251, 164]]
[[251, 163]]
[[251, 162]]
[[251, 161]]
[[252, 160]]
[[252, 159]]
[[252, 158]]
[[252, 157]]
[[252, 156]]
[[253, 155]]
[[253, 154]]
[[253, 153]]
[[254, 152]]
[[254, 151]]
[[254, 150]]
[[255, 149]]
[[255, 148]]
[[256, 147]]
[[257, 146]]
[[257, 145]]
[[258, 144]]
[[259, 143]]
[[260, 142]]
[[260, 141]]
[[261, 140]]
[[262, 139]]
[[263, 138]]
[[264, 137]]
[[265, 137]]
[[266, 136]]
[[267, 135]]
[[268, 134]]
[[269, 134]]
[[270, 133]]
[[271, 133]]
[[272, 132]]
[[273, 132]]
[[274, 131]]
[[275, 131]]
[[276, 130]]
[[277, 130]]
[[278, 130]]
[[279, 129]]
[[280, 129]]
[[281, 129]]
[[282, 129]]
[[283, 129]]
[[284, 128]]



[[275, 223]]
[[274, 222]]
[[273, 222]]
[[272, 221]]
[[271, 220]]
[[270, 219]]
[[269, 219]]
[[268, 218]]
[[267, 218]]
[[266, 217]]
[[265, 217]]
[[264, 216]]
[[263, 216]]
[[262, 216]]
[[261, 215]]
[[260, 215]]
[[259, 214]]
[[258, 214]]
[[257, 214]]
[[256, 214]]
[[255, 214]]
[[254, 213]]
[[253, 213]]
[[252, 213]]
[[251, 213]]
[[250, 213]]
[[249, 213]]
[[248, 213]]
[[247, 213]]
[[246, 213]]
[[245, 213]]
[[244, 213]]
[[243, 213]]
[[242, 214]]
[[241, 214]]
[[240, 214]]
[[239, 214]]
[[238, 214]]
[[237, 215]]
[[236, 215]]
[[235, 216]]
[[234, 216]]
[[233, 217]]
[[232, 217]]
[[231, 218]]
[[230, 219]]
[[229, 219]]
[[228, 220]]
[[227, 221]]
[[226, 222]]
[[225, 223]]
[[224, 224]]
[[223, 225]]
[[223, 226]]
[[223, 227]]



[[232, 262]]
[[233, 263]]
[[234, 263]]
[[235, 262]]
[[236, 262]]
[[237, 261]]
[[238, 261]]
[[239, 260]]
[[240, 259]]
[[241, 259]]
[[242, 259]]
[[243, 258]]
[[244, 258]]
[[245, 258]]
[[246, 258]]
[[247, 258]]
[[248, 258]]
[[249, 258]]
[[250, 258]]
[[251, 258]]
[[252, 258]]
[[253, 258]]
[[254, 258]]
[[255, 258]]
[[256, 259]]
[[257, 259]]
[[258, 259]]
[[259, 260]]
[[260, 260]]
[[261, 261]]
[[262, 261]]
[[263, 262]]
[[264, 262]]
[[265, 262]]
[[266, 262]]
[[267, 261]]
[[268, 260]]
[[268, 259]]
[[268, 258]]
[[268, 257]]



[[265, 294]]
[[264, 295]]
[[263, 296]]
[[262, 296]]
[[261, 295]]
[[260, 295]]
[[259, 295]]
[[258, 294]]
[[257, 294]]
[[256, 294]]
[[255, 293]]
[[254, 293]]
[[253, 293]]
[[252, 293]]
[[251, 292]]
[[250, 292]]
[[249, 292]]
[[248, 292]]
[[247, 292]]
[[246, 292]]
[[245, 293]]
[[244, 293]]
[[243, 293]]
[[242, 294]]
[[241, 294]]
[[240, 295]]
[[239, 295]]
[[238, 296]]
[[237, 296]]
[[236, 296]]
[[235, 296]]
[[234, 295]]
[[233, 294]]
[[233, 293]]
[[233, 292]]



[[293, 240]]
[[294, 239]]
[[295, 239]]
[[296, 240]]
[[297, 241]]
[[298, 242]]
[[298, 243]]
[[298, 244]]
[[297, 245]]
[[297, 246]]
[[297, 247]]
[[296, 248]]
[[296, 249]]
[[296, 250]]
[[295, 251]]
[[295, 252]]
[[295, 253]]
[[294, 254]]
[[294, 255]]
[[294, 256]]
[[293, 257]]
[[293, 258]]
[[293, 259]]
[[292, 260]]
[[292, 261]]
[[292, 262]]
[[292, 263]]
[[292, 264]]
[[291, 265]]
[[291, 266]]
[[291, 267]]
[[291, 268]]
[[290, 269]]
[[290, 270]]
[[290, 271]]
[[290, 272]]
[[290, 273]]
[[289, 274]]
[[289, 275]]
[[289, 276]]
[[289, 277]]
[[289, 278]]
[[288, 279]]
[[288, 280]]
[[288, 281]]
[[288, 282]]
[[288, 283]]
[[288, 284]]
[[288, 285]]
[[287, 286]]
[[287, 287]]
[[287, 288]]
[[287, 289]]
[[287, 290]]
[[287, 291]]
[[287, 292]]
[[287, 293]]
[[286, 294]]
[[286, 295]]
[[286, 296]]
[[286, 297]]
[[286, 298]]
[[286, 299]]
[[286, 300]]
[[286, 301]]
[[286, 302]]
[[285, 303]]
[[285, 304]]
[[285, 305]]
[[285, 306]]
[[285, 307]]
[[285, 308]]
[[285, 309]]
[[284, 310]]
[[284, 311]]
[[284, 312]]
[[284, 313]]
[[284, 314]]
[[284, 315]]
[[284, 316]]
[[285, 317]]
[[285, 318]]
[[284, 319]]
[[284, 320]]
[[284, 321]]
[[284, 322]]
[[284, 323]]
[[284, 324]]
[[284, 325]]
[[284, 326]]
[[284, 327]]
[[284, 328]]
[[284, 329]]
[[284, 330]]
[[284, 331]]
[[284, 332]]
[[284, 333]]
[[284, 334]]
[[284, 335]]
[[284, 336]]
[[284, 337]]
[[284, 338]]
[[284, 339]]
[[284, 340]]
[[284, 341]]
[[284, 342]]
[[284, 343]]
[[284, 344]]
[[284, 345]]
[[284, 346]]
[[284, 347]]
[[284, 348]]
[[284, 349]]
[[284, 350]]
[[284, 351]]
[[284, 352]]
[[284, 353]]
[[284, 354]]
[[284, 355]]
[[285, 356]]
[[285, 357]]
[[285, 358]]
[[285, 359]]
[[285, 360]]
[[285, 361]]
[[285, 362]]
[[285, 363]]
[[285, 364]]
[[285, 365]]
[[285, 366]]
[[286, 367]]
[[286, 368]]
[[286, 369]]
[[286, 370]]
[[286, 371]]
[[286, 372]]
[[286, 373]]
[[286, 374]]
[[287, 375]]
[[287, 376]]
[[287, 377]]
[[287, 378]]
[[287, 379]]
[[287, 380]]
[[287, 381]]
[[287, 382]]
[[287, 383]]
[[287, 384]]
[[287, 385]]
[[287, 386]]
[[287, 387]]
[[287, 388]]
[[287, 389]]
[[287, 390]]
[[287, 391]]
[[287, 392]]
[[287, 393]]
[[287, 394]]
[[286, 395]]
[[286, 396]]
[[286, 397]]
[[285, 398]]
[[285, 399]]
[[285, 400]]
[[284, 401]]
[[284, 402]]
[[284, 403]]
[[283, 404]]
[[283, 405]]
[[282, 406]]
[[281, 406]]
[[280, 407]]
[[280, 408]]
[[279, 409]]
[[278, 410]]
[[277, 411]]
[[277, 412]]
[[276, 413]]
[[275, 414]]
[[274, 415]]
[[274, 416]]
[[273, 417]]
[[272, 418]]
[[272, 419]]
[[271, 420]]
[[270, 420]]
[[269, 421]]
[[268, 422]]
[[267, 422]]
[[266, 423]]
[[265, 424]]
[[264, 425]]
[[263, 426]]
[[262, 426]]
[[261, 427]]
[[260, 427]]
[[259, 428]]
[[258, 428]]
[[257, 428]]
[[256, 429]]
[[255, 429]]
[[254, 429]]
[[253, 430]]
[[252, 430]]
[[251, 430]]
[[250, 430]]
[[249, 431]]
[[248, 431]]
[[247, 431]]
[[246, 431]]
[[245, 431]]
[[244, 431]]
[[243, 431]]
[[242, 431]]
[[241, 431]]
[[240, 431]]
[[239, 431]]
[[238, 431]]
[[237, 431]]
[[236, 431]]
[[235, 431]]
[[234, 431]]
[[233, 430]]
[[232, 430]]
[[231, 430]]
[[230, 430]]
[[229, 429]]
[[228, 429]]
[[227, 429]]
[[226, 429]]
[[225, 428]]
[[224, 428]]
[[223, 427]]
[[222, 427]]
[[221, 427]]
[[220, 426]]
[[219, 425]]
[[218, 425]]
[[217, 424]]
[[216, 424]]
[[215, 423]]
[[214, 422]]
[[213, 421]]
[[212, 421]]
[[211, 420]]
[[210, 419]]
[[209, 418]]
[[208, 417]]
[[208, 416]]
[[207, 415]]
[[206, 414]]
[[205, 413]]
[[205, 412]]
[[204, 411]]
[[203, 410]]
[[203, 409]]
[[202, 408]]
[[201, 407]]
[[201, 406]]
[[200, 405]]
[[200, 404]]
[[199, 403]]
[[199, 402]]
[[198, 401]]
[[198, 400]]
[[198, 399]]
[[198, 398]]
[[197, 397]]
[[197, 396]]
[[197, 395]]
[[196, 394]]
[[196, 393]]
[[196, 392]]
[[196, 391]]
[[196, 390]]
[[196, 389]]
[[196, 388]]
[[196, 387]]
[[196, 386]]
[[196, 385]]
[[196, 384]]
[[196, 383]]
[[196, 382]]
[[196, 381]]
[[196, 380]]
[[196, 379]]
[[196, 378]]
[[196, 377]]
[[197, 376]]
[[197, 375]]
[[197, 374]]
[[197, 373]]
[[198, 372]]
[[198, 371]]
[[198, 370]]
[[199, 369]]
[[199, 368]]
[[200, 367]]
[[200, 366]]
[[201, 365]]
[[201, 364]]
[[202, 363]]
[[202, 362]]
[[203, 361]]
[[203, 360]]
[[204, 359]]
[[205, 358]]
[[206, 357]]
[[206, 356]]
[[207, 355]]
[[208, 354]]
[[209, 353]]
[[210, 352]]
[[211, 352]]
[[212, 352]]
[[213, 352]]
[[214, 351]]
[[215, 352]]



[[215, 386]]
[[214, 385]]
[[213, 384]]
[[213, 383]]
[[213, 382]]
[[213, 381]]
[[213, 380]]
[[213, 379]]
[[213, 378]]
[[213, 377]]
[[213, 376]]
[[213, 375]]
[[213, 374]]
[[214, 373]]
[[214, 372]]
[[214, 371]]
[[214, 370]]
[[214, 369]]
[[214, 368]]
[[214, 367]]
[[214, 366]]
[[214, 365]]
[[214, 364]]
[[214, 363]]
[[215, 362]]
[[215, 361]]
[[215, 360]]
[[215, 359]]
[[215, 358]]
[[215, 357]]
[[215, 356]]
[[215, 355]]
[[215, 354]]
[[215, 353]]
[[215, 352]]
[[216, 351]]
[[216, 350]]
[[216, 349]]
[[216, 348]]
[[216, 347]]
[[216, 346]]
[[216, 345]]
[[216, 344]]
[[216, 343]]
[[216, 342]]
[[216, 341]]
[[216, 340]]
[[216, 339]]
[[216, 338]]
[[216, 337]]
[[216, 336]]
[[216, 335]]
[[216, 334]]
[[216, 333]]
[[216, 332]]
[[216, 331]]
[[216, 330]]
[[216, 329]]
[[216, 328]]
[[216, 327]]
[[216, 326]]
[[216, 325]]
[[216, 324]]
[[216, 323]]
[[216, 322]]
[[215, 321]]
[[215, 320]]
[[215, 319]]
[[216, 318]]
[[216, 317]]
[[216, 316]]
[[216, 315]]
[[216, 314]]
[[216, 313]]
[[216, 312]]
[[216, 311]]
[[216, 310]]
[[215, 309]]
[[215, 308]]
[[215, 307]]
[[215, 306]]
[[215, 305]]
[[214, 304]]
[[214, 303]]
[[214, 302]]
[[214, 301]]
[[214, 300]]
[[214, 299]]
[[214, 298]]
[[214, 297]]
[[214, 296]]
[[213, 295]]
[[213, 294]]
[[213, 293]]
[[213, 292]]
[[213, 291]]
[[213, 290]]
[[213, 289]]
[[213, 288]]
[[213, 287]]
[[213, 286]]
[[213, 285]]
[[212, 284]]
[[212, 283]]
[[212, 282]]
[[212, 281]]
[[212, 280]]
[[211, 279]]
[[211, 278]]
[[211, 277]]
[[211, 276]]
[[211, 275]]
[[211, 274]]
[[210, 273]]
[[210, 272]]
[[210, 271]]
[[210, 270]]
[[209, 269]]
[[209, 268]]
[[209, 267]]
[[209, 266]]
[[209, 265]]
[[208, 264]]
[[208, 263]]
[[208, 262]]
[[208, 261]]
[[207, 260]]
[[207, 259]]
[[207, 258]]
[[206, 257]]
[[206, 256]]
[[206, 255]]
[[206, 254]]
[[205, 253]]
[[205, 252]]
[[205, 251]]
[[204, 250]]
[[204, 249]]
[[204, 248]]
[[203, 247]]
[[203, 246]]
[[202, 245]]
[[202, 244]]
[[202, 243]]
[[202, 242]]
[[202, 241]]
[[203, 240]]
[[204, 240]]
[[205, 239]]



[[312, 247]]
[[313, 247]]
[[314, 247]]
[[315, 247]]
[[316, 246]]
[[317, 246]]
[[318, 247]]
[[319, 247]]
[[320, 247]]
[[321, 247]]
[[322, 247]]
[[323, 247]]
[[324, 248]]
[[325, 248]]
[[326, 248]]
[[327, 249]]
[[328, 250]]
[[329, 250]]
[[330, 251]]
[[331, 252]]
[[332, 253]]
[[333, 254]]
[[334, 255]]
[[334, 256]]
[[335, 257]]
[[335, 258]]
[[336, 259]]
[[336, 260]]
[[336, 261]]
[[337, 262]]
[[337, 263]]
[[337, 264]]
[[337, 265]]
[[338, 266]]
[[338, 267]]
[[338, 268]]
[[338, 269]]
[[338, 270]]
[[339, 271]]
[[339, 272]]
[[339, 273]]
[[339, 274]]
[[339, 275]]
[[339, 276]]
[[339, 277]]
[[339, 278]]
[[339, 279]]
[[339, 280]]
[[339, 281]]
[[339, 282]]
[[339, 283]]
[[339, 284]]
[[339, 285]]
[[339, 286]]
[[339, 287]]
[[339, 288]]
[[339, 289]]
[[339, 290]]
[[339, 291]]
[[339, 292]]
[[339, 293]]
[[339, 294]]
[[339, 295]]
[[339, 296]]
[[339, 297]]
[[339, 298]]
[[339, 299]]
[[339, 300]]
[[338, 301]]
[[338, 302]]
[[338, 303]]
[[338, 304]]
[[337, 305]]
[[337, 306]]
[[337, 307]]
[[337, 308]]
[[336, 309]]
[[336, 310]]
[[336, 311]]
[[335, 312]]
[[334, 313]]
[[333, 314]]
[[332, 314]]
[[331, 315]]
[[330, 315]]
[[329, 315]]
[[328, 315]]
[[327, 314]]
[[326, 314]]
[[325, 313]]
[[324, 313]]
[[323, 312]]
[[322, 311]]
[[321, 311]]
[[320, 310]]
[[319, 309]]
[[318, 308]]
[[317, 307]]
[[316, 306]]
[[315, 305]]
[[315, 304]]
[[314, 303]]
[[313, 302]]
[[312, 301]]
[[311, 300]]
[[310, 299]]
[[309, 298]]
[[308, 297]]
[[307, 296]]
[[307, 295]]
[[306, 294]]
[[305, 293]]
[[304, 292]]
[[304, 291]]
[[303, 290]]
[[302, 289]]
[[302, 288]]
[[301, 287]]
[[301, 286]]
[[300, 285]]
[[299, 284]]
[[299, 283]]
[[298, 282]]
[[298, 281]]
[[297, 280]]
[[297, 279]]
[[296, 278]]
[[296, 277]]
[[296, 276]]
[[295, 275]]
[[295, 274]]
[[295, 273]]
[[294, 272]]
[[294, 271]]
[[294, 270]]
[[294, 269]]
[[294, 268]]
[[294, 267]]
[[293, 266]]
[[294, 265]]
[[294, 264]]
[[294, 263]]
[[294, 262]]
[[295, 261]]
[[295, 260]]
[[296, 259]]
[[296, 258]]
[[297, 257]]
[[298, 256]]
[[299, 255]]
[[299, 254]]
[[300, 253]]
[[301, 252]]
[[302, 252]]
[[303, 251]]
[[304, 250]]
[[305, 250]]



