

[[284, 316]]
[[285, 317]]
[[286, 316]]
[[287, 316]]
[[288, 316]]
[[289, 316]]
[[290, 315]]
[[291, 315]]
[[292, 315]]
[[293, 314]]
[[294, 314]]
[[295, 313]]
[[296, 313]]
[[297, 313]]
[[298, 312]]
[[299, 312]]
[[300, 312]]
[[301, 311]]
[[302, 311]]
[[303, 310]]
[[304, 310]]
[[305, 309]]
[[306, 309]]
[[307, 308]]
[[308, 308]]
[[309, 307]]
[[310, 307]]
[[311, 306]]
[[312, 306]]
[[313, 305]]
[[314, 305]]
[[315, 304]]
[[314, 303]]
[[313, 302]]



[[367, 115]]
[[367, 114]]
[[366, 113]]
[[366, 112]]
[[365, 111]]
[[366, 110]]
[[367, 110]]
[[368, 110]]
[[369, 110]]
[[370, 110]]
[[371, 110]]
[[372, 110]]
[[373, 110]]
[[374, 111]]
[[375, 111]]
[[376, 111]]
[[377, 111]]
[[378, 111]]
[[379, 111]]
[[380, 112]]
[[381, 112]]
[[382, 112]]
[[383, 112]]
[[384, 113]]
[[385, 113]]
[[386, 113]]
[[387, 113]]
[[388, 113]]
[[389, 114]]
[[390, 114]]
[[391, 114]]
[[392, 114]]
[[393, 115]]
[[394, 115]]
[[395, 115]]
[[396, 116]]
[[397, 116]]
[[398, 116]]
[[399, 116]]
[[400, 117]]
[[401, 117]]
[[402, 117]]
[[403, 118]]
[[404, 118]]
[[405, 118]]
[[406, 118]]
[[407, 119]]
[[408, 119]]
[[409, 119]]
[[410, 120]]
[[411, 120]]
[[412, 121]]
[[413, 121]]
[[414, 121]]
[[415, 122]]
[[416, 122]]
[[417, 123]]
[[418, 123]]
[[419, 123]]
[[420, 124]]
[[421, 124]]
[[422, 125]]
[[423, 125]]
[[424, 126]]
[[425, 126]]
[[426, 127]]
[[427, 128]]
[[428, 128]]
[[429, 129]]
[[430, 129]]
[[431, 130]]
[[432, 131]]
[[433, 132]]
[[434, 133]]
[[435, 133]]
[[436, 134]]
[[437, 135]]
[[438, 136]]
[[439, 137]]
[[440, 138]]
[[441, 139]]
[[441, 140]]
[[442, 141]]
[[443, 142]]
[[444, 143]]
[[444, 144]]
[[445, 145]]
[[445, 146]]
[[446, 147]]
[[447, 148]]
[[447, 149]]
[[447, 150]]
[[448, 151]]
[[448, 152]]
[[449, 153]]
[[449, 154]]
[[449, 155]]
[[449, 156]]
[[449, 157]]
[[450, 158]]
[[450, 159]]
[[450, 160]]
[[450, 161]]
[[450, 162]]
[[450, 163]]
[[451, 164]]
[[451, 165]]
[[451, 166]]
[[451, 167]]
[[451, 168]]
[[451, 169]]
[[451, 170]]
[[451, 171]]
[[451, 172]]
[[451, 173]]
[[451, 174]]
[[451, 175]]
[[451, 176]]
[[450, 177]]
[[450, 178]]
[[450, 179]]
[[450, 180]]
[[450, 181]]
[[450, 182]]
[[450, 183]]
[[449, 184]]
[[449, 185]]
[[449, 186]]
[[449, 187]]
[[449, 188]]
[[448, 189]]
[[448, 190]]
[[448, 191]]
[[448, 192]]
[[447, 193]]
[[447, 194]]
[[447, 195]]
[[447, 196]]
[[446, 197]]
[[446, 198]]
[[446, 199]]
[[445, 200]]
[[445, 201]]
[[445, 202]]
[[444, 203]]
[[444, 204]]
[[443, 205]]
[[443, 206]]
[[443, 207]]
[[442, 208]]
[[442, 209]]
[[441, 210]]
[[441, 211]]
[[441, 212]]
[[440, 213]]
[[440, 214]]
[[439, 215]]
[[439, 216]]
[[438, 217]]
[[438, 218]]
[[437, 219]]
[[437, 220]]
[[436, 221]]
[[436, 222]]
[[435, 223]]
[[434, 224]]
[[434, 225]]
[[433, 226]]
[[433, 227]]
[[432, 228]]
[[431, 229]]
[[431, 230]]
[[430, 231]]
[[429, 232]]
[[429, 233]]
[[428, 234]]
[[427, 235]]
[[426, 236]]
[[426, 237]]
[[425, 238]]
[[424, 239]]
[[423, 240]]
[[422, 241]]
[[421, 242]]
[[420, 243]]
[[419, 244]]
[[418, 245]]
[[417, 246]]
[[416, 247]]
[[415, 248]]
[[414, 249]]
[[413, 250]]
[[412, 251]]
[[411, 251]]
[[410, 252]]
[[409, 253]]
[[408, 254]]
[[407, 255]]
[[406, 256]]
[[405, 256]]
[[404, 257]]
[[403, 258]]
[[402, 259]]
[[401, 259]]
[[400, 260]]
[[399, 260]]
[[398, 261]]
[[397, 261]]
[[396, 262]]
[[395, 263]]
[[394, 263]]
[[393, 264]]
[[392, 264]]
[[391, 264]]
[[390, 265]]
[[389, 265]]
[[388, 266]]
[[387, 266]]
[[386, 266]]
[[385, 266]]
[[384, 267]]
[[383, 267]]
[[382, 267]]
[[381, 268]]
[[380, 268]]
[[379, 268]]
[[378, 268]]
[[377, 269]]
[[376, 269]]
[[375, 269]]
[[374, 269]]
[[373, 269]]
[[372, 269]]
[[371, 269]]
[[370, 269]]
[[369, 269]]
[[368, 270]]



[[344, 281]]
[[345, 280]]
[[346, 279]]
[[347, 278]]
[[348, 277]]
[[349, 276]]
[[350, 275]]
[[351, 274]]
[[352, 273]]
[[352, 272]]
[[353, 271]]
[[354, 270]]
[[355, 269]]
[[355, 268]]
[[356, 267]]
[[356, 266]]
[[357, 265]]
[[358, 264]]
[[358, 263]]
[[359, 262]]
[[360, 261]]
[[361, 260]]
[[362, 259]]
[[362, 258]]
[[363, 257]]
[[363, 256]]
[[364, 255]]
[[365, 254]]
[[365, 253]]
[[366, 252]]
[[366, 251]]
[[367, 250]]
[[367, 249]]
[[368, 248]]
[[368, 247]]
[[369, 246]]
[[369, 245]]
[[370, 244]]
[[370, 243]]
[[371, 242]]
[[371, 241]]
[[372, 240]]
[[372, 239]]
[[372, 238]]
[[372, 237]]
[[373, 236]]
[[373, 235]]
[[374, 234]]
[[374, 233]]
[[374, 232]]
[[375, 231]]
[[375, 230]]
[[375, 229]]
[[376, 228]]
[[376, 227]]
[[376, 226]]
[[377, 225]]
[[377, 224]]
[[377, 223]]
[[377, 222]]
[[378, 221]]
[[378, 220]]
[[378, 219]]
[[378, 218]]
[[379, 217]]
[[379, 216]]
[[379, 215]]
[[379, 214]]
[[379, 213]]
[[379, 212]]
[[380, 211]]
[[380, 210]]
[[380, 209]]
[[380, 208]]
[[380, 207]]
[[380, 206]]
[[380, 205]]
[[381, 204]]
[[381, 203]]
[[381, 202]]
[[381, 201]]
[[381, 200]]
[[381, 199]]
[[381, 198]]
[[381, 197]]
[[381, 196]]
[[381, 195]]
[[381, 194]]
[[381, 193]]
[[381, 192]]
[[381, 191]]
[[381, 190]]
[[381, 189]]
[[381, 188]]
[[381, 187]]
[[381, 186]]
[[381, 185]]
[[381, 184]]
[[381, 183]]
[[381, 182]]
[[381, 181]]
[[381, 180]]
[[381, 179]]
[[381, 178]]
[[381, 177]]
[[381, 176]]
[[381, 175]]
[[381, 174]]
[[381, 173]]
[[381, 172]]
[[380, 171]]
[[380, 170]]
[[380, 169]]
[[380, 168]]
[[380, 167]]
[[380, 166]]
[[380, 165]]
[[380, 164]]
[[380, 163]]
[[380, 162]]
[[380, 161]]
[[380, 160]]
[[380, 159]]
[[380, 158]]
[[380, 157]]
[[379, 156]]
[[379, 155]]
[[379, 154]]
[[379, 153]]
[[379, 152]]
[[379, 151]]
[[378, 150]]
[[378, 149]]
[[378, 148]]
[[378, 147]]
[[378, 146]]
[[378, 145]]
[[377, 144]]
[[377, 143]]
[[377, 142]]
[[377, 141]]
[[377, 140]]
[[376, 139]]
[[376, 138]]
[[376, 137]]
[[375, 136]]
[[375, 135]]
[[375, 134]]
[[375, 133]]
[[374, 132]]
[[374, 131]]
[[374, 130]]
[[373, 129]]
[[373, 128]]
[[373, 127]]
[[372, 126]]
[[372, 125]]
[[371, 124]]
[[371, 123]]
[[371, 122]]
[[370, 121]]
[[370, 120]]
[[369, 119]]
[[369, 118]]
[[368, 117]]
[[368, 116]]
[[367, 115]]
[[367, 114]]
[[366, 113]]
[[366, 112]]
[[365, 111]]
[[365, 110]]
[[364, 109]]
[[364, 108]]
[[363, 107]]
[[363, 106]]
[[362, 105]]
[[361, 104]]
[[361, 103]]
[[360, 102]]
[[359, 101]]
[[359, 100]]
[[358, 99]]
[[357, 98]]
[[356, 97]]
[[355, 96]]
[[354, 95]]
[[354, 94]]
[[353, 93]]
[[352, 92]]
[[351, 91]]
[[350, 90]]
[[349, 89]]
[[348, 88]]
[[347, 87]]
[[346, 86]]
[[345, 85]]
[[344, 85]]
[[343, 84]]
[[342, 83]]
[[341, 82]]
[[340, 81]]
[[339, 81]]
[[338, 80]]
[[337, 79]]
[[336, 79]]
[[335, 78]]
[[334, 77]]
[[333, 77]]
[[332, 76]]
[[331, 76]]
[[330, 75]]
[[329, 74]]
[[328, 74]]
[[327, 73]]
[[326, 73]]
[[325, 72]]
[[324, 72]]
[[323, 72]]
[[322, 71]]
[[321, 71]]
[[320, 70]]
[[319, 70]]
[[318, 69]]
[[317, 69]]
[[316, 68]]
[[315, 68]]
[[314, 68]]
[[313, 67]]
[[312, 67]]
[[311, 67]]
[[310, 66]]
[[309, 66]]
[[308, 66]]
[[307, 65]]
[[306, 65]]
[[305, 65]]
[[304, 64]]
[[303, 64]]
[[302, 64]]
[[301, 64]]
[[300, 64]]
[[299, 63]]
[[298, 63]]
[[297, 63]]
[[296, 62]]
[[295, 62]]
[[294, 62]]
[[293, 62]]
[[292, 62]]
[[291, 61]]
[[290, 61]]
[[289, 61]]
[[288, 61]]
[[287, 61]]
[[286, 61]]
[[285, 60]]
[[284, 60]]
[[283, 60]]
[[282, 60]]
[[281, 60]]
[[280, 60]]
[[279, 60]]
[[278, 59]]
[[277, 59]]
[[276, 59]]
[[275, 59]]
[[274, 59]]
[[273, 59]]
[[272, 59]]
[[271, 59]]
[[270, 59]]
[[269, 59]]
[[268, 59]]
[[267, 59]]
[[266, 59]]
[[265, 59]]
[[264, 59]]
[[263, 58]]
[[262, 58]]
[[261, 58]]
[[260, 58]]
[[259, 58]]
[[258, 58]]
[[257, 58]]
[[256, 58]]
[[255, 58]]
[[254, 58]]
[[253, 58]]
[[252, 58]]
[[251, 58]]
[[250, 58]]
[[249, 58]]
[[248, 58]]
[[247, 58]]
[[246, 58]]
[[245, 58]]
[[244, 58]]
[[243, 58]]
[[242, 58]]
[[241, 58]]
[[240, 58]]
[[239, 58]]
[[238, 58]]
[[237, 58]]
[[236, 58]]
[[235, 59]]
[[234, 59]]
[[233, 59]]
[[232, 59]]
[[231, 59]]
[[230, 59]]
[[229, 59]]
[[228, 59]]
[[227, 59]]
[[226, 59]]
[[225, 59]]
[[224, 59]]
[[223, 59]]
[[222, 59]]
[[221, 59]]
[[220, 60]]
[[219, 60]]
[[218, 60]]
[[217, 60]]
[[216, 60]]
[[215, 60]]
[[214, 61]]
[[213, 61]]
[[212, 61]]
[[211, 61]]
[[210, 61]]
[[209, 61]]
[[208, 62]]
[[207, 62]]
[[206, 62]]
[[205, 62]]
[[204, 62]]
[[203, 63]]
[[202, 63]]
[[201, 63]]
[[200, 63]]
[[199, 64]]
[[198, 64]]
[[197, 64]]
[[196, 64]]
[[195, 65]]
[[194, 65]]
[[193, 65]]
[[192, 66]]
[[191, 66]]
[[190, 66]]
[[189, 67]]
[[188, 67]]
[[187, 67]]
[[186, 67]]
[[185, 68]]
[[184, 68]]
[[183, 69]]
[[182, 69]]
[[181, 70]]
[[180, 70]]
[[179, 70]]
[[178, 71]]
[[177, 71]]
[[176, 72]]
[[175, 72]]
[[174, 73]]
[[173, 73]]
[[172, 74]]
[[171, 74]]
[[170, 75]]
[[169, 75]]
[[168, 76]]
[[167, 77]]
[[166, 77]]
[[165, 78]]
[[164, 79]]
[[163, 79]]
[[162, 80]]
[[161, 80]]
[[160, 81]]
[[159, 82]]
[[158, 83]]
[[157, 84]]
[[156, 84]]
[[155, 85]]
[[154, 86]]
[[153, 87]]
[[152, 88]]
[[151, 89]]
[[150, 90]]
[[149, 91]]
[[148, 92]]
[[147, 93]]
[[146, 94]]
[[145, 95]]
[[144, 96]]
[[143, 97]]
[[143, 98]]
[[142, 99]]
[[141, 100]]
[[140, 101]]
[[140, 102]]
[[139, 103]]
[[138, 104]]
[[138, 105]]
[[137, 106]]
[[136, 107]]
[[136, 108]]
[[135, 109]]
[[135, 110]]
[[134, 111]]
[[134, 112]]
[[133, 113]]
[[133, 114]]
[[132, 115]]
[[132, 116]]
[[131, 117]]
[[131, 118]]
[[130, 119]]
[[130, 120]]
[[129, 121]]
[[129, 122]]
[[128, 123]]
[[128, 124]]
[[128, 125]]
[[127, 126]]
[[126, 127]]
[[126, 128]]
[[126, 129]]
[[126, 130]]
[[125, 131]]
[[125, 132]]
[[125, 133]]
[[125, 134]]
[[124, 135]]
[[124, 136]]
[[123, 137]]
[[123, 138]]
[[123, 139]]
[[123, 140]]
[[123, 141]]
[[122, 142]]
[[122, 143]]
[[122, 144]]
[[122, 145]]
[[121, 146]]
[[121, 147]]
[[121, 148]]
[[121, 149]]
[[121, 150]]
[[121, 151]]
[[121, 152]]
[[120, 153]]
[[120, 154]]
[[120, 155]]
[[120, 156]]
[[120, 157]]
[[119, 158]]
[[119, 159]]
[[119, 160]]
[[119, 161]]
[[119, 162]]
[[119, 163]]
[[119, 164]]
[[119, 165]]
[[119, 166]]
[[119, 167]]
[[118, 168]]
[[118, 169]]
[[118, 170]]
[[118, 171]]
[[118, 172]]
[[118, 173]]
[[118, 174]]
[[118, 175]]
[[118, 176]]
[[118, 177]]
[[118, 178]]
[[118, 179]]
[[118, 180]]
[[118, 181]]
[[118, 182]]
[[118, 183]]
[[118, 184]]
[[118, 185]]
[[118, 186]]
[[118, 187]]
[[118, 188]]
[[118, 189]]
[[118, 190]]
[[118, 191]]
[[118, 192]]
[[118, 193]]
[[118, 194]]
[[118, 195]]
[[118, 196]]
[[118, 197]]
[[118, 198]]
[[118, 199]]
[[118, 200]]
[[118, 201]]
[[118, 202]]
[[118, 203]]
[[118, 204]]
[[119, 205]]
[[119, 206]]
[[119, 207]]
[[119, 208]]
[[119, 209]]
[[119, 210]]
[[120, 211]]
[[120, 212]]
[[120, 213]]
[[120, 214]]
[[120, 215]]
[[120, 216]]
[[121, 217]]
[[121, 218]]
[[121, 219]]
[[121, 220]]
[[121, 221]]
[[122, 222]]
[[122, 223]]
[[122, 224]]
[[123, 225]]
[[123, 226]]
[[123, 227]]
[[123, 228]]
[[124, 229]]
[[124, 230]]
[[124, 231]]
[[125, 232]]
[[125, 233]]
[[126, 234]]
[[126, 235]]
[[126, 236]]
[[126, 237]]
[[127, 238]]
[[127, 239]]
[[128, 240]]
[[128, 241]]
[[128, 242]]
[[129, 243]]
[[129, 244]]
[[130, 245]]
[[131, 246]]
[[131, 247]]
[[131, 248]]
[[132, 249]]
[[132, 250]]
[[133, 251]]
[[133, 252]]
[[134, 253]]
[[134, 254]]
[[135, 255]]
[[136, 256]]
[[136, 257]]
[[137, 258]]
[[138, 259]]
[[138, 260]]
[[139, 261]]
[[139, 262]]
[[140, 263]]
[[141, 264]]
[[142, 265]]
[[142, 266]]
[[143, 267]]
[[144, 268]]
[[145, 269]]
[[145, 270]]
[[146, 271]]
[[146, 272]]
[[147, 273]]
[[148, 274]]
[[149, 275]]
[[150, 276]]
[[151, 277]]
[[152, 278]]
[[153, 279]]
[[154, 280]]



[[192, 249]]
[[193, 249]]
[[194, 250]]
[[195, 250]]
[[196, 251]]
[[197, 252]]
[[198, 253]]
[[199, 254]]
[[200, 255]]
[[201, 256]]
[[202, 257]]
[[202, 258]]
[[203, 259]]
[[203, 260]]
[[204, 261]]
[[204, 262]]
[[204, 263]]
[[205, 264]]
[[205, 265]]
[[205, 266]]
[[205, 267]]
[[205, 268]]
[[205, 269]]
[[204, 270]]
[[204, 271]]
[[204, 272]]
[[204, 273]]
[[204, 274]]
[[203, 275]]
[[203, 276]]
[[202, 277]]
[[202, 278]]
[[201, 279]]
[[201, 280]]
[[200, 281]]
[[200, 282]]
[[199, 283]]
[[199, 284]]
[[198, 285]]
[[198, 286]]
[[197, 287]]
[[197, 288]]
[[196, 289]]
[[195, 290]]
[[195, 291]]
[[194, 292]]
[[193, 293]]
[[193, 294]]
[[192, 295]]
[[191, 296]]
[[190, 297]]
[[189, 298]]
[[188, 299]]
[[187, 300]]
[[186, 301]]
[[186, 302]]
[[185, 303]]
[[184, 304]]
[[183, 305]]
[[182, 306]]
[[181, 307]]
[[180, 308]]
[[179, 309]]
[[178, 310]]
[[177, 311]]
[[176, 312]]
[[175, 313]]
[[174, 313]]
[[173, 313]]
[[172, 314]]
[[171, 314]]
[[170, 314]]
[[169, 315]]
[[168, 315]]
[[167, 314]]
[[166, 314]]
[[165, 313]]
[[164, 312]]
[[163, 311]]
[[163, 310]]
[[162, 309]]
[[162, 308]]
[[162, 307]]
[[162, 306]]
[[161, 305]]
[[161, 304]]
[[161, 303]]
[[161, 302]]
[[160, 301]]
[[160, 300]]
[[160, 299]]
[[160, 298]]
[[160, 297]]
[[159, 296]]
[[159, 295]]
[[159, 294]]
[[159, 293]]
[[159, 292]]
[[159, 291]]
[[159, 290]]
[[159, 289]]
[[159, 288]]
[[159, 287]]
[[159, 286]]
[[159, 285]]
[[159, 284]]
[[159, 283]]
[[159, 282]]
[[159, 281]]
[[159, 280]]
[[159, 279]]
[[159, 278]]
[[159, 277]]
[[159, 276]]
[[159, 275]]
[[160, 274]]
[[160, 273]]
[[160, 272]]
[[160, 271]]
[[160, 270]]
[[161, 269]]
[[161, 268]]
[[161, 267]]
[[161, 266]]
[[161, 265]]
[[162, 264]]
[[162, 263]]
[[162, 262]]
[[162, 261]]
[[163, 260]]
[[163, 259]]
[[163, 258]]
[[164, 257]]
[[164, 256]]
[[165, 255]]
[[165, 254]]
[[166, 253]]
[[167, 252]]
[[168, 251]]
[[169, 250]]
[[170, 250]]
[[171, 249]]
[[172, 249]]
[[173, 248]]
[[174, 248]]
[[175, 247]]
[[176, 247]]
[[177, 247]]
[[178, 247]]
[[179, 247]]
[[180, 247]]
[[181, 246]]
[[182, 246]]
[[183, 246]]
[[184, 247]]
[[185, 247]]



[[144, 268]]
[[143, 269]]
[[142, 269]]
[[141, 269]]
[[140, 269]]
[[139, 269]]
[[138, 269]]
[[137, 269]]
[[136, 269]]
[[135, 269]]
[[134, 269]]
[[133, 269]]
[[132, 269]]
[[131, 269]]
[[130, 269]]
[[129, 269]]
[[128, 269]]
[[127, 269]]
[[126, 269]]
[[125, 269]]
[[124, 269]]
[[123, 268]]
[[122, 268]]
[[121, 268]]
[[120, 268]]
[[119, 267]]
[[118, 267]]
[[117, 267]]
[[116, 267]]
[[115, 266]]
[[114, 266]]
[[113, 266]]
[[112, 265]]
[[111, 265]]
[[110, 264]]
[[109, 264]]
[[108, 264]]
[[107, 263]]
[[106, 263]]
[[105, 262]]
[[104, 262]]
[[103, 261]]
[[102, 260]]
[[101, 260]]
[[100, 259]]
[[99, 259]]
[[98, 258]]
[[97, 257]]
[[96, 257]]
[[95, 256]]
[[94, 255]]
[[93, 255]]
[[92, 254]]
[[91, 253]]
[[90, 252]]
[[89, 251]]
[[88, 250]]
[[87, 249]]
[[86, 248]]
[[85, 247]]
[[84, 246]]
[[83, 245]]
[[82, 245]]
[[81, 244]]
[[81, 243]]
[[80, 242]]
[[79, 241]]
[[78, 240]]
[[77, 239]]
[[76, 238]]
[[75, 237]]
[[74, 236]]
[[74, 235]]
[[73, 234]]
[[72, 233]]
[[72, 232]]
[[71, 231]]
[[70, 230]]
[[69, 229]]
[[69, 228]]
[[68, 227]]
[[68, 226]]
[[67, 225]]
[[66, 224]]
[[66, 223]]
[[65, 222]]
[[65, 221]]
[[64, 220]]
[[64, 219]]
[[63, 218]]
[[63, 217]]
[[62, 216]]
[[62, 215]]
[[61, 214]]
[[61, 213]]
[[60, 212]]
[[60, 211]]
[[59, 210]]
[[59, 209]]
[[59, 208]]
[[58, 207]]
[[58, 206]]
[[57, 205]]
[[57, 204]]
[[57, 203]]
[[56, 202]]
[[56, 201]]
[[56, 200]]
[[55, 199]]
[[55, 198]]
[[55, 197]]
[[54, 196]]
[[54, 195]]
[[54, 194]]
[[53, 193]]
[[53, 192]]
[[53, 191]]
[[53, 190]]
[[53, 189]]
[[52, 188]]
[[52, 187]]
[[52, 186]]
[[52, 185]]
[[51, 184]]
[[51, 183]]
[[51, 182]]
[[51, 181]]
[[51, 180]]
[[51, 179]]
[[51, 178]]
[[51, 177]]
[[50, 176]]
[[50, 175]]
[[50, 174]]
[[50, 173]]
[[50, 172]]
[[50, 171]]
[[50, 170]]
[[50, 169]]
[[50, 168]]
[[50, 167]]
[[50, 166]]
[[50, 165]]
[[50, 164]]
[[50, 163]]
[[50, 162]]
[[51, 161]]
[[51, 160]]
[[51, 159]]
[[51, 158]]
[[51, 157]]
[[51, 156]]
[[52, 155]]
[[52, 154]]
[[52, 153]]
[[53, 152]]
[[53, 151]]
[[54, 150]]
[[54, 149]]
[[54, 148]]
[[55, 147]]
[[55, 146]]
[[56, 145]]
[[57, 144]]
[[57, 143]]
[[58, 142]]
[[59, 141]]
[[59, 140]]
[[60, 139]]
[[61, 138]]
[[62, 137]]
[[63, 136]]
[[64, 135]]
[[65, 134]]
[[66, 133]]
[[67, 132]]
[[68, 132]]
[[69, 131]]
[[70, 130]]
[[71, 129]]
[[72, 129]]
[[73, 128]]
[[74, 128]]
[[75, 127]]
[[76, 126]]
[[77, 126]]
[[78, 125]]
[[79, 125]]
[[80, 124]]
[[81, 124]]
[[82, 123]]
[[83, 123]]
[[84, 123]]
[[85, 122]]
[[86, 122]]
[[87, 121]]
[[88, 121]]
[[89, 121]]
[[90, 120]]
[[91, 120]]
[[92, 119]]
[[93, 119]]
[[94, 119]]
[[95, 118]]
[[96, 118]]
[[97, 118]]
[[98, 118]]
[[99, 117]]
[[100, 117]]
[[101, 117]]
[[102, 116]]
[[103, 116]]
[[104, 116]]
[[105, 115]]
[[106, 115]]
[[107, 115]]
[[108, 115]]
[[109, 114]]
[[110, 114]]
[[111, 114]]
[[112, 114]]
[[113, 113]]
[[114, 113]]
[[115, 113]]
[[116, 113]]
[[117, 113]]
[[118, 112]]
[[119, 112]]
[[120, 112]]
[[121, 112]]
[[122, 111]]
[[123, 111]]
[[124, 111]]
[[125, 111]]



